71

116 adverbiis

Α6116666 16166616 praesensi 6166666611166666116-
16166 666661 vi 61611111· 6111666666 66 1661616666, 66116
666116611611661 6616616161 16166611666666111116 11 101,17.
7115014, VH: 161, 6. IX: 193,21. 111127115.
281, 26. 291, 25. Nonnullis 16616 61661166161116666
desiisse sed pei·maue1·,e 666661 666666116621161161661616,
111111150,29.155,26,158,1.0 111116 70 29

173, 24. 178, 27, VIH: 180, 26 189, 293 lIX: 211, 21.
216, 26, X: 243, 3. Χ11281,11. 28121. 1161661-
6616 6116161116 6661661111 616 6116611661 perpetuitatis
6611666 semper 66161166, 61 saepissime 6661 661661. 661
6611.,6166661111 Tae. 61166, 66616661616111;140,11
661116 6616166666. 142, 1161 11161611 11166 66166 66617166.
VI: 152, 22 6616166 1116661 66616, VH: 11,62 25 66166
1616 66111616 6166116. 164,15 6616666 - 6616 ιι 6661166
666116 IX: 198, 916116 66166 166116661Χι 226, 766
16616611 ιι 161616 66 226, 15Ηιιιι 16-161 16161616 1166611
232, 20 66166 1661116 6666 ιι 237, 13 suberat 6616ι
666616. Χ1 251, 6 66166166 661 XH: 293, 21 66-
1661116616 66611 116. 298, 10 66166611 166116. 1111 1161116666
61 61161611 16,61661161666 116661666661161, 1666111161616161

61111616 11611 140,10, 11115123, 1161161666166616
tivo giudu 661166616 appositum 661 661166 616 611 16111
1111118910 61116 6616166 6166611 666116661616116
locis 66116 06161. Seu. Suet. -

ut 616 61166166611661661111 113, 13. V: 144, 6.
11116810. 17624, 178,4. 1121521. Χ11286,24.
29118.

Forte, 1111666666616666111161111666611616Χ1
268,136661611161111111116111661166661,260,8 666 616166

6161611616 11166166 01116166111161166661Χι211,19
11161166 166 forie 6661616,

Hucusque, 11666 161166166611611166 616116661616-
611616 61 apud Ρ116. primum de locis 161661161, 6616-
66116 666. 6616166616 usurpatur. H: 98, 32. 111 115, 12.

 

