111

256, 2 66, 259, 21 sq. 266, 2. 262, 22 sq. 266, 2. 26412
66. 265, 13 66, Χ11271, 11 sq. 278, 7 66. 280, 12, 285,
2 sq. 265, 6 sq. 266, 26. 269, 5 sq. 269,15. 291, 7 sq.
264, 16. 264, 26 sq. 296, 24 sq. 299, 25. 601,11. 661,17
sqq. 391, 31 sq. 304, 3 66, 30619. 307,966. 311, 5. ·
612, 26. 61611 sq. 611, 5.

Si duo verba 161161· 66 coniuncta 95 plerumque in
genitivo casu sed 6516111 in aliis collocata a duabus aliis
vocibus reguntur, quae 95 1666616666 66 66666666 sunt,
aliquot 16616 verba 116 disiunguntur, 6161161661 61611116

inter 1166 61626 voces ponatur, u5 11:91 ,4111616611621- ,

6666626 66616 6166666626 Eodem modo 1119128. 96,15.
111104,13.107,14 V. 148,2. V. 159, 22. VII. 173, 3.
VIII: 187, 5. IX: 211, 11, XH: 283, 25, 289, 25. 298, 13.

611, 6.

Saepe verborum ordo 16 661, 61 duo verba in gen.
661 in 9110 6666 collocata 111166 duas 61166 6666616161·
69 connexas inficiantur, ut H: 89, 13 6611666661666666
66016161161666, Eodem modo H: 91, 1. 92, 3. 94, 2. 100,
2,]00,15101,]0.111·10125,102,2. 103, 6. 103, 15.
103, 20, 104,.9 104, 19, 1,.055 106,20. 107,7. 110, 25.
111, 18. 112,7, 112, 28. IV: 119, 5. 119,15. 119, 27.
122, 28. 120, 13. 126, 16. 127, 4. 127,26. 127,28. 128,

1530 24. 131, 27. 1616216.1321613216132,
21 sq. 133, 22. 134, 21. 135, 1, 135, 26. 137, 10. 138, 26,
. 140,19. 141,.8 143, 24. 146, 19. 147,8. 148,7. 171149,
10 66 1,49 25 15132, 1511211116 161,17.·161,20.
162, 25. 164, 25. 166, 26. 1681 169, 12 sq. 172, 29.
178, 166, 178,.7 1111118629. 181, 25. 185, 18. 186, 7.
190, 25. 191, 8, IX: 2639 206,.19 21,1 14 211 ,17 211,
26. X: 216, 26, 217, 20 219, 13 222, 13. 224,15. 226,
17 229,17. 235, 0. 241, 1, XI: 245, 27. 2465] 249, 11
666. 250,.8 251, 20. 255, 24. 2561112566 260, 24
261,11 26221. 263, 26, 264,7, 258, 27. 270,10Ι XII:
271, 20. 272, 32. 273, 23. 276, 2 280, 20 282, 18. 287,
27, 2882. 291,17 666. 2921. 292, 5. 292, 9. 295, 6.

 

