63

17 sui 5155 55555151·11111111551151151555 115 5111111-
11515151551115111111 187, 25 tibiipsi 515551511515551
1551 1.515151115 XI: 27 0 15 11511511111511-151-1555511
515555511515551111551511111515 555115-51511111551.Χ11;
287, 21 uu· uliquu 115 1111151 subservit 5115 quoii 51155-
1155511511 51 51555111. 1111 1115115141115111111. Sed
1115111 55 51551115 XII: 291, 25 triumphalibus beluis 111
151 5555515 5555555115. 295, 30 1155115 quus 55555111
151151511151511511 5 151115.

Superfiuus 515 515511111555 arg. aet. 51555151. “

1151151155 551. XI: 268,13 5151511511 forie 11151111
5115 1551551 ipsi 11115115 1151515.

Supervolure 1115511115 usurpatur Χ11249, 14 511-
5111155111 15511155551151155. 115 0111151. IV: 624
totumque 5555115151 orbem, 51 1151111515117115. 551151.
arg. 151. 1555 1111151111, 1515111515 absolute.

Supplaniare X: 242, 13 51111 151115 5111515515
hosis, quuui 1551515111 151155555, 51551 fusilis 5155111-
11511 (5 155115115 55115. 951511 551111515511551 515511-
11511555 155115 mea quidem 5551551111 1511115 11151151·
551, quum 5511551555 51 fusilis 15151 55 respondeam 51
1115115515151115 5155551551115, quod 151115 quod 551
1551515511, contrarium 511).

suscitare 1555155151 515 5151111515, 5511111115 VII:
17 8: 17 111155 1115111115 51 furum, 1551515515,5511511515
1151111511115111111115 1111 1111155111 511 15111111, 111 551 5111111115
5111515 5511151151 111151 5151111 11111 1151115511151115111
1551515155115551511.111165 5115511115 delubra deum.

Suspendere 15. iuiuiuu'iiere, differre XI: 258, 16
su 5555 51115555 155 1111511 11111 111111. 1111127912 511111 11111-
11551511 55551115111119111111115911151. Contra
IX: 193, 26 1515115 51511 11111111511151115511515111115
1515 511555111115155,11. 5. 5155515151 1115115115. Ρ511. 5511.
5155. 5115551151151111ῑ171,4 51 1151 5111111111 11111511
5555515515111115151 11. 5 15111 11.11 Cir XII 273,15
151511155111511151 11111115 Ρ115 55. 6, 12. Τ51.Ρ1151.51

 

